lastAccountName: wayl
timestamps:
  login: 1572402988898
  logout: 1572403252968
ipAddress: 127.0.0.1
logoutlocation:
  world: world
  x: 5.19349796871305
  y: 106.49168269317856
  z: 9.619848742573586
  yaw: 146.7063
  pitch: 21.750008
afk: false
lastlocation:
  world: world
  x: 503.2734560845289
  y: 68.0
  z: 498.30000001192093
  yaw: 37.956512
  pitch: 47.250023
