lastAccountName: andrea
timestamps:
  login: 1572403425854
  logout: 1572403463423
ipAddress: 127.0.0.1
logoutlocation:
  world: world
  x: -188.83264611951003
  y: 64.0
  z: 145.35454993927567
  yaw: 342.01892
  pitch: 8.249997
